32
29
27
29
20
27
24
23
24
27
36
28
28
20
20
18
28
24
36
29
17
29
20
23
23
25
25
16
26
34
29
34
28
21
23
24
29
18
14
11
26
31
22
23
14
30
36
27
35
21
27
26
23
24
26
25
28
26
31
34
36
28
25
27
20
36
6
22
21
28
22
29
19
27
15
25
25
23
29
28
37
24
26
29
23
24
33
27
22
26
27
27
31
15
23
23
19
20
24
24
32
32
36
20
21
26
19
20
22
23
30
20
21
31
23
24
27
37
23
33
20
28
36
18
27
27
23
20
19
31
19
21
29
28
18
30
30
26
19
24
32
22
22
38
30
23
28
33
17
22
20
31
23
27
22
29
20
24
23
30
16
18
29
32
24
18
28
24
15
20
30
27
30
21
21
21
21
29
21
23
24
23
18
27
22
26
22
20
17
26
18
14
16
32
19
24
24
24
28
19
27
26
22
28
16
25
34
29
29
25
22
25
27
29
29
19
26
29
32
26
31
19
26
23
30
16
18
26
22
32
27
31
33
17
21
29
16
29
31
21
24
27
18
27
34
21
31
28
31
22
20
34
33
28
26
15
37
26
22
29
31
20
26
23
24
21
20
24
20
25
23
31
25
25
26
28
26
24
32
21
24
28
19
29
29
19
28
30
17
23
23
26
25
32
21
23
26
19
23
15
31
30
26
28
26
17
29
24
30
24
23
36
19
24
16
25
20
23
20
29
20
18
25
22
26
27
31
23
30
25
25
31
25
13
20
23
28
29
30
23
24
27
24
20
21
21
24
23
27
14
23
20
28
30
21
21
33
20
28
23
28
28
24
22
29
30
28
26
19
30
22
25
17
32
28
31
27
28
26
32
27
20
19
25
29
14
25
24
37
28
29
36
27
25
28
28
26
25
23
23
20
28
22
28
29
29
21
24
31
18
29
28
19
22
32
25
27
23
23
25
29
32
22
23
25
27
27
23
29
26
21
28
26
33
32
20
26
31
29
34
27
19
26
23
21
28
29
31
22
23
30
33
21
19
21
18
29
28
23
30
30
27
27
34
30
23
20
28
30
21
27
22
21
21
26
23
25
23
24
26
21
24
31
26
24
23
36
17
20
29
23
29
26
18
32
24
27
19
28
25
26
20
24
24
24
42
22
23
19
21
22
19
15
22
19
22
24
27
28
24
30
33
24
28
20
23
26
31
22
23
26
29
19
26
27
19
18
19
23
28
16
25
27
19
35
28
23
22
25
27
29
31
22
26
30
24
35
37
25
24
21
33
14
20
24
25
18
22
32
24
28
20
30
22
26
25
32
19
23
30
28
28
17
26
25
28
19
35
27
22
17
17
27
28
26
27
25
31
30
20
26
22
25
31
24
22
33
21
28
23
31
24
21
20
27
32
20
33
28
18
16
24
31
28
22
22
27
29
21
28
25
27
23
25
25
24
31
25
27
27
26
25
32
25
29
24
20
35
24
22
27
28
26
20
26
28
36
27
14
27
21
29
30
23
32
29
23
24
23
23
36
33
25
30
24
20
24
22
28
24
22
20
14
26
19
17
23
28
19
26
19
19
25
32
15
30
35
32
25
24
24
27
23
26
29
21
37
18
28
18
21
21
21
20
36
24
28
28
29
37
24
21
26
31
31
23
29
25
31
18
31
27
22
26
34
27
21
28
14
24
21
27
25
30
25
37
23
20
28
16
18
30
32
27
33
25
24
25
24
24
25
36
27
24
23
31
27
31
28
24
25
27
28
13
33
26
28
26
21
24
25
25
19
27
24
30
21
32
20
26
26
22
22
15
25
26
30
30
23
32
23
26
24
27
31
23
22
26
22
34
22
29
29
18
30
23
14
26
21
33
23
21
23
16
29
29
33
31
22
31
25
24
30
30
35
33
30
21
28
20
31
30
20
31
27
25
12
23
23
19
24
31
28
17
21
20
27
28
24
26
32
21
19
24
22
23
18
16
24
20
28
32
20
21
29
31
21
25
28
26
24
26
23
24
19
22
30
23
25
26
20
29
22
17
20
26
14
24
18
22
21
23
24
22
29
26
23
19
15
21
22
23
25
28
23
26
30
33
18
26
25
16
23
29
23
18
18
28
25
28
25
30
19
28
23
21
27
36
31
34
24
25
28
25
18
29
20
32
23
29
36
29
32
31
27
27
27
29
24
24
29
23
30
23
31
24
28
21
39
26
21
19
22
18
19
24
29
28
18
24
26
18
30
24
29
12
26
31
31
39
31
29
28
15
29
24
37
27
32
24
